# Created by Octave 3.8.0, Mon Apr 18 15:16:49 2022 BST <nc@blackcurrant-mac.home>
# name: X
# type: matrix
# rows: 400
# columns: 3
 -4.22738794796705 3.451085168126084 -4.176393556168284
 6.260425593504902 3.247503354696903 -1.906830184614495
 -7.609720107872993 5.283803822653037 4.962702043028855
 -5.041483056648051 7.514045496614177 4.216942959796202
 6.962879030086869 3.486903573807316 -3.90205250788966
 -7.502059599394491 7.074316255617527 5.658713280185543
 -7.481717548286725 5.755493396123546 5.698289954955244
 -6.087480648621453 3.118925749119061 -3.407654382552447
 -2.646884045036447 7.260178795385098 5.629817590700431
 4.159621820364007 4.371603411841162 -2.709160985970724
 -3.761299277927553 5.210765850198359 5.55323934440794
 -2.86920642143404 7.795974461243375 7.713000870437999
 -6.351998700332503 1.365280405882602 -4.515143994405993
 -3.123685114349305 6.435056082824809 6.086274721815715
 5.534526680070679 3.989302055563212 0.09176545724385088
 -6.578676364215333 7.290039949647552 6.157459195375233
 5.704614899347002 2.426689505513971 -2.11912400802881
 -6.426970218015633 2.809231415438779 -5.757078135578255
 -5.884759910470199 6.408576760924258 6.204851837849776
 5.048483992262711 4.482027016042474 -3.14638472049864
 4.579427324013984 3.795799924821511 -2.813202607509857
 5.162756270228733 5.588591478859214 -5.373053827445197
 -7.21340979324635 8.303745341448506 5.835896638283709
 -6.593445659112313 3.593721026875306 -5.157681745923484
 -5.990309427053366 6.346985748081912 4.718019713230145
 -6.203327394769028 6.010985144079537 4.689879480449709
 -7.010922636239575 7.469708155783941 4.23916970494732
 -4.810124009892709 4.29664225569472 -6.608179466951877
 -1.99029628637254 6.188624267683994 6.313222182655132
 6.270483066604513 2.89677558609076 -1.55869113033822
 -4.874100318960934 5.857138338027363 4.172025311730161
 -3.909097505054127 6.168808608883086 3.204488765128295
 -5.331956021004663 3.352499246864499 -4.188843885126726
 -6.282104102190806 5.509549419280406 5.455569959961491
 -1.709912713355173 5.945991003347542 5.246946374087305
 -5.416527673575747 6.411852129944571 4.752563688887554
 -4.026699129796978 7.498956999966724 6.388757755950318
 5.342946029790017 3.276957462751141 -3.154659748741384
 -6.057955910253423 3.860785510802978 -5.408395554592108
 -4.350124015827136 5.142596872827323 6.236875959278314
 4.448043642335424 3.058817529964182 -2.224784523973182
 -5.811437259537309 4.006965467987443 -5.774358928959578
 -6.177429844072044 5.162260278023741 -6.337735099232882
 4.908118435690878 5.112044089893145 -3.172884330480094
 -3.029930939088561 6.588460870280059 5.939388167472814
 6.160019607213862 3.72457834089478 -4.201826225143882
 -5.355966483689267 0.7941062864221333 -6.383616457928952
 -6.269303573053824 5.913098620571001 4.735506746540036
 -2.211781705359045 8.037520718320852 7.825066080008277
 -4.946848854490559 7.011502621610168 3.404190631480636
 -6.480275701285387 3.426650803279844 -5.11049699581028
 -5.304859019290058 7.051733663955501 5.592161270873343
 -4.985432896282831 0.539464585278151 -6.487069148192711
 -5.912998824175618 2.003245458606519 -3.70146022447487
 -7.245399756838349 7.977082872974618 4.534655906767486
 3.377358770877369 3.459243900409892 -2.841239540204384
 -7.949795086363803 7.55287113113129 3.17349194275955
 -4.794539540226785 2.819044209481921 -4.811469461885475
 6.440938339235815 4.487192044999311 -3.308119573623189
 -7.278928254737493 3.620707841053027 -3.863617050622535
 -1.086021528519733 6.151427736168762 7.666720081753083
 -2.781434601468529 6.441804720300113 6.586501888473149
 5.66299802466004 2.446751631188771 -0.1622455321356484
 -5.958684415025251 6.003200446012093 4.616665290974947
 -5.47398939299295 3.273025999097742 -3.542194952699443
 -6.967147412212001 6.049647204764227 5.769993942703565
 -4.90233708596657 4.536197249865946 -5.543772960637461
 -1.085562653817612 7.626383053258706 8.06265437860289
 -5.344598972994387 7.616514719649524 4.77041649454167
 -1.185425356294967 6.473654287052067 6.77217850251349
 -5.531945155692773 4.207019343720122 -3.577667187379097
 -5.389165895194125 7.197166554246439 3.744286476843069
 -5.266067745497645 7.482529772725196 6.300550474229552
 -5.373582908123646 6.90617113677866 4.866297134349994
 -6.255894313747854 4.614041836723893 -4.519666760430349
 -0.6270115861249712 6.112359277271127 7.622828201845529
 4.08512114765377 2.048735486858466 -2.060295001631723
 -5.271870844239833 1.936219517671119 -6.695005056742732
 -5.414558235269959 6.737129415330924 4.808339608777925
 -4.11926171870228 2.274307402563236 -5.58092714378733
 -5.111369986963716 6.354451470838825 4.24665874974745
 -5.755936107557145 7.009810120101137 4.4567872222392
 -5.916968216318305 4.543261439612238 4.825049686019592
 7.254917731594524 4.727803268316702 -3.26762913632267
 -6.563717788575715 2.948309494931841 -5.440429601313105
 5.445358364110493 3.881171157800497 -1.691248442720289
 -8.157186623510768 1.273944582961231 -5.317628317422968
 -6.576379409125081 4.283503810394568 -6.49492896105739
 4.960542055039094 2.780169914147577 -2.957702396000235
 6.949016567933188 4.020089667478677 -1.562162024486075
 -4.354129347540031 1.23024430583992 -5.453308747031708
 -1.619080356351511 8.154119302619614 6.753016883786765
 -5.010657251623102 4.908625527520915 5.167537711568326
 -1.940350063759466 5.847577092267668 8.514836093980961
 6.854229358799299 2.431222835410638 -3.079583854205125
 -1.850699427919855 6.607832423721128 5.348443727437195
 -2.234913162792143 8.235117270911713 7.110089191803407
 -5.757060379576295 7.741424010984785 5.168498658444618
 -7.505421154941771 7.070635640512326 6.089693245038367
 5.934250274465957 4.110586394169641 -1.601715368836818
 -3.708618214347671 7.23215764917006 6.536233267550707
 -1.635384735026623 6.818445486891703 7.868430082256674
 -5.612831010968105 3.045146898342622 -4.309923507614832
 -6.344941293857439 6.532035499684731 3.703064832846137
 -1.240246600922529 7.930883529110476 7.503341370639296
 -6.566588251152648 7.872282800459205 6.035650601754867
 -2.072731828501515 6.412979939406373 8.360465778304894
 -6.53378344719135 8.410818937605384 5.935345703805098
 7.154783789978306 3.141081504187988 -2.536738726449394
 -7.271070093241017 3.866686546008956 -5.141260421713299
 -8.724923842967215 9.331474779556679 3.071278249215546
 -6.454048780767994 5.547534209735538 5.588916402865481
 6.904157885143164 4.300247275510639 -3.17578228984194
 -5.524716812206076 3.555196076757213 -3.726121466892752
 -6.564150806880847 6.188063977934586 5.146572276227007
 5.623311557305582 2.612558238644087 -3.640913175057211
 -5.114338891809005 1.411229331606596 -5.093824778947093
 -1.250867466257363 6.990974949847394 5.970633743682686
 5.742378267952183 2.272670790713809 -1.413960307505468
 -2.176478711226735 7.313794316818154 8.343675027819188
 5.622691698415892 3.535326982121502 -2.122427064896254
 -3.541353913515604 8.551125683018414 6.925321956598506
 -5.347235956996756 6.433559939954117 5.164095327713496
 -4.31111352561675 4.787894389812465 -5.812813704940349
 -5.29426484078411 3.130817615733726 -5.363955679047233
 4.149343593365391 3.14402183423792 -1.827916301138529
 -2.197993044325545 7.432391904013511 8.351534843054878
 7.069280756224487 4.693538480518096 -2.345051567391512
 -3.898455438257441 5.873920299746118 7.425418266162787
 0.2049486533298261 7.012101216399182 6.774436672019547
 -5.792400454689879 3.701755988502125 -2.528965109294642
 5.875841619482478 3.945301088269331 -4.205090836744403
 -6.03458637318951 7.524684486007783 6.34384701103594
 4.786971867973176 3.353260822231827 -1.660927566529616
 -6.071167083445133 6.8448479099861 5.178639636173378
 6.598135862946444 2.888991059739058 -3.302241554351196
 -5.923499137451421 3.942075834780205 -3.764286336660825
 -7.819484169211966 6.509590357761475 4.134758264978513
 -6.337882108522392 1.933437792889388 -5.528987717074772
 -4.186085131828203 7.400513811865916 4.018638262525213
