# Created by Octave 7.1.0, Mon Jul 25 14:47:36 2022 BST <minty@MAC-KK001.home>
# name: initial_Theta1
# type: matrix
# rows: 8
# columns: 3
 0.14748288887133465 -0.087769737782379398 0.39682956912219214
 -0.21963973556673003 -0.035685835351121242 0.18256264773866082
 0.23742627402805194 0.27758542907391937 0.24135636526544391
 0.16118643294524837 -0.098796856401127786 -0.18814686207098108
 -0.38901702042016978 0.13867533544786192 0.088921972287293538
 -0.33377476032712478 0.094983846887800816 0.32826873900155251
 0.39169694384062337 0.3058293019018562 -0.20057550071144148
 0.31017361654655851 0.14210514151023113 0.096184214630451514


# name: initial_Theta2
# type: matrix
# rows: 4
# columns: 9
 0.19475480560177882 -0.38549648027523198 0.090004135546037589 -0.036375758908234079 0.18066644325944137 -0.014803181246278996 -0.098118956265574986 -0.28529968585533222 0.39271626482350974
 -0.082472277006648997 0.10831199798707136 -0.25393684854408505 -0.085032526058207214 0.20972774835316199 -0.1749220165006925 0.0079983807510649041 0.24894999173526278 0.35035379741260841
 0.23376650341061334 -0.28580515233335402 -0.34441702125932061 0.097424130241767215 0.10630597996521707 0.31795177822925902 0.33568696212422733 0.11113261708323563 0.17088453575337281
 -0.049087287786529932 -0.2965633443876507 -0.058435699960620369 0.066966600228718309 0.23003633927199174 0.34521074312716338 -0.1418489470192254 -0.25635104977376322 -0.14350091580123109


