# Created by Octave 3.8.0, Mon Apr 18 15:19:20 2022 BST <nc@blackcurrant-mac.home>
# name: X
# type: matrix
# rows: 400
# columns: 3
 -0.09849851884322419 1.483723133225105 -0.1856832905303504
 5.971825089434286 1.259572677074239 1.62128399712005
 2.926912402403781 -0.2488436286758753 0.9319494446551126
 2.138184491561968 -1.987151228548596 -5.054955417269938
 -0.7802579351987096 1.126280621879218 0.7197297462092491
 -0.3998823509640955 0.02138988628536809 0.9619688260015347
 -3.9374963588445 -0.4236106842343964 -0.5728169800614477
 -2.001759358501023 1.852866646357296 1.511450221086124
 -3.508910467151282 1.767053301344987 0.2828109179538044
 1.668038009571941 0.2541529049235085 -0.02536808013598768
 5.2059234352889 -2.988542609942358 -0.9600807904091859
 1.187373210370588 -2.51531273183761 -0.536893275509321
 -0.6090085272337745 -1.069941045925902 0.2248918788877321
 0.6716185577451589 -0.8719694922913915 0.05456019465013862
 -3.433199858724487 1.846750460362697 0.7142799279035408
 -0.1880733682089104 -1.793097402756935 -0.5283168584653772
 4.634421002775079 -3.348477692393315 -1.968353721139884
 -0.5628303577166545 -5.801697712201964 2.177807728619375
 1.152524837008568 3.585647780368316 2.538955113001606
 3.670553217972496 1.744472332783022 0.9083918103936071
 0.544048888268192 0.846602413398943 -0.5244817902350143
 -2.310974681246845 -1.508485968123706 -1.653566362868754
 -3.974552207988732 -0.1864887111396699 0.4000868371429982
 0.01183971617858492 -2.689341600879072 -2.381793792010016
 3.611859822016388 -1.539401594908113 1.577712910428909
 0.7316284015580992 2.26973750266734 1.727923721607319
 -3.639341830122686 -2.852766281488911 -3.926826762273797
 -0.4603558045700956 5.148036529035068 -3.176303251742139
 0.2760382900799102 1.854801157830829 6.113025575638807
 -3.485549301760269 -1.005951658343906 1.927225720020108
 2.209249286153729 1.470206321802454 1.278418781136126
 -0.887332912661335 0.2399755711145244 -1.122083120522813
 0.3373700277474577 -0.6833110339832327 -3.096202246307243
 -6.316580763531587 -0.5735395985005759 0.02688889727374166
 1.130410477965102 -1.598802639494125 -3.928018625109989
 -3.092853039183147 0.1701185594637963 2.956508463027666
 1.559331162928669 2.636909825971823 0.487079035969342
 -0.2095142257255209 3.737539087680111 -1.416419152898217
 -1.132499698501687 4.056223851031299 1.100899164500696
 -1.038794610197033 -0.4598610799034744 -1.51548845617955
 -1.563295192133984 -2.386418199252796 -0.4652130677799752
 -2.558504049173 1.082549595236364 -1.422766806873589
 -5.887710731229396 1.634312932470862 1.64977619668988
 3.931511262025682 3.073184014683081 -3.674408298664957
 0.2959640718994758 0.4368424432202019 -4.102957085634746
 1.630126776108664 -0.4313298404364456 0.2850651623751582
 1.902893518549949 0.6510422665377389 -5.803794503186998
 1.750780495759378 1.105335586347369 2.35431350269715
 4.449788468517797 -2.345848639825845 -3.33895663561688
 -0.9012129146740215 2.887888462684638 -0.3384439132516245
 -3.773746455417504 1.200181449676686 5.027817427971865
 2.599418892499907 -0.3584674262448104 -1.531749173819013
 -0.06477457978492102 1.332350808181822 -2.491415407019968
 1.031936063751353 3.311729022937331 -2.371812241968495
 1.06339073523353 0.3088419603770287 0.1598166229821205
 0.4002518136383257 -2.669711108290167 0.7717310016680302
 -2.547619096517058 -2.819570408282052 -5.008214404517028
 -1.32452021248396 0.9404202685452493 0.4579522822167978
 -3.774514376163469 2.837158553914221 3.581167785841394
 -0.7517994871611928 2.111425954389666 -1.9693131199446
 2.045277083262777 -5.653070910784049 2.663949690492436
 2.118826011318549 0.3364348736038353 2.440971388029617
 1.887551654004866 3.712626399355444 -1.771589435052997
 0.2755530609119989 3.041201677416682 -2.81802528910766
 -0.3953097054978123 -1.419269467206655 0.6326591807534501
 -0.04300604887679696 -0.751131392362493 1.036730789838477
 -2.863742139961916 -0.2703405678934251 2.414822699258037
 -1.537819864893387 -0.3692213877347658 -0.4206517168503444
 -0.4382026194161485 1.156570036230683 0.2626584004973307
 1.328403497965604 -4.519024815640745 0.0349384546242516
 0.3375017763570258 2.638736689761842 2.774213913922928
 -0.5886815381002284 1.911430027671261 5.851420242703282
 0.05864615585675592 -1.468266500587748 0.2475731253368872
 0.7428829426585219 -3.560077598859081 -1.68410252433376
 0.5467379777183939 -2.649893780536444 1.812590654876965
 -0.8851218556103043 -0.7295325415052014 -0.192965877798886
 -2.157469956475549 -4.316796437402506 -4.244559224517283
 -2.345977019697278 -0.2865798534661148 2.125817123720514
 1.209031861260383 0.5481797398708453 0.4829931704262141
 5.015345364723744 -0.4888116925663205 3.010288424604852
 0.1306855063626091 -3.914507472239395 -1.711737191530568
 5.587992226987716 -2.800612206210375 1.723013091836429
 -3.979736311555303 0.2291020609577431 0.5209176111951361
 -2.533783582804175 -4.207167964949359 -3.576978992965835
 4.496619996183462 3.495059758805086 2.61160504329971
 -1.159352316229626 2.96335423180974 1.284661744171161
 -4.740784827461219 -2.877645115833536 -2.212983929313522
 -0.3948798753592824 1.414309138164911 2.606009991855883
 -2.0564291657669 -2.218442495537714 0.6727516527366952
 -0.2111892134538925 -0.6794986007953602 1.55476916296586
 -0.6809989615257418 -0.3829419234421133 1.394853421939618
 1.918010374533548 -2.313042912251775 -1.960703675737691
 4.35067301536525 1.503909830406905 -1.367557124428002
 1.843468510102726 -2.704708143423364 0.3232133146099613
 -2.085925353032841 -0.2800384453843479 5.774884664897517
 -2.536601889624782 -2.513025467747378 5.209093637320448
 -1.075329146866036 -0.5799959571612481 0.1746453959405136
 0.2846929923053443 -0.7275053473280386 0.9479843757223206
 1.836027687083744 -0.254856772731805 -0.0247551612564319
 -0.7584923066975358 -0.7934147848758365 -0.2378667204608478
 -1.664668298030791 -0.3588853601641955 -2.76339250021714
 0.5297834354998869 -1.290726380050657 0.676975588070184
 -0.3267986138552654 0.8826363379975797 2.992559906172671
 0.6694140689611214 0.972023174636641 0.8671690059476954
 -4.109736663304127 4.767638238414595 -1.08633650734133
 2.027622408690658 3.586647863054607 -1.577629087955672
 -0.328280644442391 2.66971611456663 -3.15252799486002
 0.1704644078468989 1.121392074172322 0.1650214339940664
 -2.461480138112081 1.348776555653204 -1.571497498608676
 2.882479645670788 0.6986975049802227 0.7967459373997176
 1.552082498602109 -2.082201732308274 -1.701535165879223
 0.5968740670094799 -2.000262748230207 2.338180721080218
 -3.799254023919798 -2.225866627054 -4.467768161118641
 1.295829825732 -2.387374968969752 -1.598410997626841
 -0.7020001876966755 0.2454535516982276 1.077330886566226
 -1.796848210679757 -5.44168201815341 1.716441717831071
 -1.285033097012701 0.3596193955067901 0.6268289095072057
 -2.991998244419455 0.3392218647454045 -1.603308478386272
 -4.015035818327012 0.2484365750726519 1.219100113492835
 2.035878479967165 0.3251330444326815 2.358579598607009
 -1.731433572904495 -1.770534123431638 1.118567753632553
 -1.091862317029723 0.2427587825765222 -0.9050743682700473
 3.53038666048856 2.013114644757547 0.8160042514601845
 -0.06792322324102673 -0.5626132348221722 -1.572551670320672
 0.6784981864161915 1.842610024158226 -2.374281959047545
 4.720839767796395 -0.09415180332462973 -3.801278966390565
 1.09836817390297 -0.3450928515092705 0.6696341366276903
 0.7134088035627544 0.7973817745548525 0.672516935029113
 0.8398676269437643 -2.317016341403376 -1.32159537460381
 2.622988177937756 0.1211183895484007 -0.9366815860652445
 -2.224864266651621 1.615833145303874 3.568454013406006
 -0.968681437641372 0.6340776763545025 -0.3067665971276833
 -0.7802758414709894 0.2216328700536216 6.086411440998104
 0.4695648141471001 1.190073610436101 -0.4305000899680603
 -2.76879529791841 -2.920851175799929 -0.6062907302114672
 3.267382804311302 0.9629918488099806 3.152427045196522
 0.5107767892750781 -0.1293093386885134 3.201386399476659
