# Created by Octave 3.8.0, Mon Apr 18 15:24:01 2022 BST <nc@blackcurrant-mac.home>
# name: X
# type: matrix
# rows: 400
# columns: 3
 -5.274193074070479 2.845668155675036 3.404611978373028
 3.192957019560811 2.832854867468387 -2.340563251010834
 3.980559523954852 0.6967695871648825 1.623742836361923
 0.2582432587364985 -0.09412632436494593 -0.3455075870131438
 0.5395090315711434 0.5367419183213984 -0.4210873485232171
 5.930015096251298 3.572110465728046 -0.08110026834522396
 2.365502016436626 -3.348334519755983 0.2562425596346293
 0.2678754824042024 -0.4065624007690153 0.5181560600558797
 -2.708304877904304 -6.505615835777963 -0.4991361723450399
 0.3922891849304566 -0.2116077690966179 -0.06724899954091512
 -1.327193095658899 2.014530575289877 -3.789724574092475
 3.785278225865667 5.806367639579456 0.7475276365786905
 0.5619023927096365 -2.401407775268727 -3.252509727095274
 3.28366896215771 0.3919474165160689 6.636432494263477
 1.153912861367785 2.217675066606271 3.464094405048393
 0.7254020751548973 -0.2037227303445663 0.2317267361852638
 -0.3017665042929366 4.322496007360449 1.928450042608712
 -0.2821392572512592 -0.09491746823643006 -0.2781054650834314
 -3.299072251572981 -1.152740053547742 2.033630302901441
 0.1901107221511749 -0.5676262064967564 0.1354552743321828
 3.527914602443686 3.140397651424975 -0.09787621301017577
 -5.745656341292415 2.5113289558604 3.157171575253868
 -2.948124398713742 0.9693916450312988 -3.629995993305528
 -1.956318099576783 -2.068195246750347 2.558692990570275
 1.953886242715014 -3.941957823043741 1.140634817301377
 -1.600269379778585 -0.8877191552313136 -3.751809762827302
 0.3068018577023389 -2.98566672883397 2.777509953147245
 -4.09857520780068 -0.8813275126710571 2.748735464762724
 -3.24609789560313 -1.199371208835007 -0.9002657766304141
 2.975059811383856 -1.701900894529234 2.120512039640481
 2.719082147325977 -0.9491033106931499 -3.042437331059259
 0.2206507031130754 0.1134106984936765 -0.2031207003655144
 -0.1784854492964921 0.1077393485968303 -0.02268155295043114
 -3.110791586647563 -2.37703946440475 1.269350773899863
 0.3633310791842361 2.259659913633667 -3.286676270752342
 0.6537537470983723 -6.788566825114639 1.318579846786505
 2.849098988180395 -0.566131457068956 3.875435941726786
 -4.032313219359414 -3.757761241810516 3.930389951419975
 -0.1712206990762301 0.9138928379995784 0.07022950323265476
 0.3771425372934609 -3.295768050086249 -6.339484680597287
 0.1859378290708251 -0.2613503892923593 0.03870470652280689
 -0.3726092471226263 -1.270737050271341 3.716725565708357
 -2.889613258931761 2.972681641973683 2.841798689453493
 2.110764591961547 -2.662701992867229 0.1572905191874706
 -0.03423113314313091 1.109795107095659 -3.801923882093079
 -6.254373213867059 -0.3532313203383048 3.538880224986691
 0.1853334747637502 7.229322787374175 -0.9375864404213554
 1.738508510649724 0.7471192446597067 -3.42977547791905
 3.557615287832389 0.7477710560460404 0.3988212258127436
 1.935830598872038 3.731388079528735 0.7010714745033485
 -6.898581107450285 -1.175964319545346 1.736006042690408
 4.95008140084038 -4.712232847535005 0.3261675759357168
 -3.153189101959906 0.5097001158186206 -3.303874022058814
 0.398956810118452 -0.1224560686721124 -0.2940482157364878
 -0.9421133548186603 -1.185972479355217 4.136175798476705
 -0.03113088645201926 -0.03346932121425114 -0.1307534778596662
 3.421335775911261 -1.286838581744679 2.384583574187139
 -1.05939046709595 -0.2632344350428416 -4.228395695041377
 -4.252175076226909 0.9187775643314009 1.953869267588935
 3.812661849151911 -0.2938667212042535 -1.486031099648123
 -0.03300056037391766 -1.260616093586798 3.943178436727135
 0.2371140514608558 0.09171484330689145 -0.5202424343043136
 -0.5160059316334468 5.353914127527734 -4.820651139289431
 -4.838805343944546 3.252758062859408 -3.234515407781616
 0.6291817300512549 -6.55719773876193 1.831783803873499
 -0.257619654617101 -0.2138607808502463 -0.08016719676207225
 2.702995669965995 1.616786408616648 -3.036448370809441
 0.4255106638608109 2.62983163294786 -3.727851052495711
 -2.733977851199503 3.216124750269213 2.238815528449538
 3.025712301708579 2.048864345248159 -1.955826887438192
 -0.2546052845479012 -0.4971436793905025 -0.1385630780919118
 2.771438557626134 -4.918442316434525 4.307650385773389
 5.750158085005659 -3.5106221189959 1.798962065172468
 0.2569451869167132 4.265705858566683 0.6788132273201626
 3.430906784787391 0.470389085366956 2.106902124743514
 -4.579249861440628 -3.854040033787377 -3.914912259583049
 0.05723252612013246 -0.0585665536158828 0.370844161949746
 -3.021177360670646 0.9731023537004719 1.987942201363567
 -0.2080491606608515 -0.3302064766690727 0.2918472616715003
 -0.8391559714566001 -6.105002909229046 -4.066663361761146
 2.380277723646933 -0.7393431906496268 -2.909141754580556
 -0.1597596127257233 0.4053138250382097 -0.5745142529551713
 0.09224727649383138 0.08388280835916534 0.06896268767788533
 -0.009677411692401994 -0.005171003451591924 -0.2149990746607828
 0.4262294534855754 -0.1592943078373815 0.4254183419853418
 0.3550464851831139 -0.1891756204463748 0.005684530233307394
 2.860257639878268 6.230632178804418 0.6639336836749721
 2.388834592087403 -1.015624920558478 -2.654524665733859
 -4.258588746691183 1.067598572839261 1.302861981808846
 -0.07364604439102038 -0.1135669785975761 -0.3935759427580657
 -2.301728303602255 6.390323855237869 -1.394693643913825
 -1.246908422798321 -3.393150252235924 -0.8218370559495358
 -2.509668752688482 -1.948968190828228 1.492431499128224
 -0.9546995475539373 2.414407611880571 3.840203045641919
 5.526608811814666 -2.586840195773378 2.884477945516126
 -1.998979570528308 -1.204199183387175 2.480142455318961
 -0.09244673792817303 -0.4091316461496661 0.2255020040033877
 1.94288686832012 -3.666242642024068 -2.720847364972424
 -0.7452302533944616 0.1152684222629598 0.009618823021885603
 0.1105674882536238 0.2055071756650622 -0.2479951982173926
 5.763288395513084 -3.488579321492655 3.033541118906927
 1.304785863692246 1.433687931387077 4.280093647305526
 2.200456201906411 3.875322397420111 -2.138881359744548
 -2.878828818107302 2.045949031452456 -1.859941058297012
 0.3146175281815743 -0.1039961041671583 0.009036270309645413
 -0.1289609476928448 -3.012069487055552 -3.01958176742529
 -1.894791601218475 -2.480700854099205 2.567608302567701
 3.609180836853194 2.198885978469908 2.412306839102348
 -3.284789758525243 3.906938683711949 -5.318935726382978
 -0.8908396606887241 -4.140771834092679 -1.063600414112944
 -4.528648772072302 0.4205824363461026 -0.7237562041314975
 -0.3649383685650702 -1.399851329575912 4.200216617077253
 3.831215864422056 -0.350426698327473 -0.04170004647170289
 -0.6958399331649161 5.756868680841348 3.876235037627689
 -0.132905534979186 0.08677706903985616 -0.1432075050030392
 -5.079442176106193 1.101817729163799 4.42496873254456
 3.195503900067016 -5.011486482303688 4.152301629949708
 1.263982988550717 5.30110329939033 4.193630869334959
 -0.02209780476960441 -1.323533450561907 3.539773466833542
 0.6477116338161816 -0.2730948718125633 0.002834107496909724
 -6.634982390484621 -0.08010049454856272 2.065829600986441
 0.7938686133006916 -2.913753069178988 2.989495427586466
 5.585598980933403 4.039646813135365 -1.395351144678179
 0.3100306020023372 -0.430941426783286 0.0630948449252809
 -6.497115927856536 -1.208441876792774 2.302337945858214
 1.488722613569977 1.731536216214818 6.658696087591347
 -3.468087010886777 -1.586844750468031 -0.4162419807695195
 0.07370177233429484 -0.2187458767924672 -0.3684313879327022
 1.22545112653325 -3.459455288557604 1.394866681556417
 0.02826150633596544 3.345900287171798 2.763893852944513
 3.533258464761546 2.029896418362904 6.14633306463864
 0.3012599302174687 -0.03491577193406502 0.08385437021287197
 -0.7132372542342925 -0.1580841931582146 4.501061247653844
 -3.383497600653041 4.529806977182365 4.177852888255307
 0.3940076933552251 -0.1132817832812135 -0.3528746517161129
 -0.117590121217914 0.1471026483554036 -0.1007144212770102
