# Created by Octave 3.8.0, Mon Apr 18 15:21:19 2022 BST <nc@blackcurrant-mac.home>
# name: X
# type: matrix
# rows: 400
# columns: 3
 -3.251435343240065 1.184361976105297 6.450055256326928
 -0.4111293712870612 -0.7138796651535437 -0.6512039818955624
 1.124746430036637 0.9132197409174567 0.9217094096220242
 -0.08623848156584879 1.173116641355048 -0.6069146661281644
 -5.953501773663426 1.179080124748291 2.708726350313183
 -0.4721960738896346 -0.8712070827644884 -1.327300462587317
 0.4658265941879606 0.3978943823005247 0.7965052123240192
 -0.9853837791312425 -0.284079801605352 -0.2656436227757236
 -1.24937834881194 6.904461782505463 -1.730946206485232
 2.564269751809045 2.193474199777843 1.792191043748473
 0.2110903018583831 -0.2978504212537674 0.92831282643297
 2.88777238831731 2.848041070865299 -5.470618348691993
 0.8605876849006995 0.8660009619119745 -0.4031246849913832
 1.806830831403027 1.452761894367214 -7.109759571316184
 3.909126331614861 -2.411055584014197 -5.480672809569341
 1.349689216521732 -1.07611116672257 -0.260803666579517
 -0.2643256087261047 -1.23341709694873 0.2692341476771722
 3.438440330523514 -0.02523329523289285 1.356855645732898
 -0.4646602142735696 1.10055534625111 0.49897219947471
 -1.28751591351381 -1.225004767922697 0.3134942175428125
 -1.950458078746172 4.319517078573802 5.077503772149846
 1.971497641362802 5.513809552072622 -3.967050608285831
 0.4382935801317286 0.8486664186728041 -0.6996730400816114
 -4.595440061637255 -3.386517737780058 3.966585716868159
 -1.751703986986022 -0.07888036673969123 0.802772261313113
 1.152650667935079 0.2181525848375343 0.8348780713113562
 0.2686531626935622 -6.470105310344294 1.083854870791424
 2.235046229091403 -1.932401526489872 -2.022165958720912
 4.822628713271446 -4.773412386056029 -1.71346505948434
 5.881200982024665 -1.205242770361718 -4.364156012438376
 2.740055958548704 1.881444861641945 2.042396380296314
 -2.980756283843188 -0.6113400249532033 -1.355038228385087
 -4.502159639324947 -2.778035631171282 4.931023926618542
 0.9534099490257163 -0.5376913518915366 -0.5239980266711478
 -1.576975286305069 3.490763114252675 0.4071151258269906
 0.2361128239752782 0.7508369543063835 0.6149626083590565
 -2.25093127888418 -6.365696983176457 0.7998893976168173
 2.622369098039143 -4.611857933402574 4.522387347096426
 -0.1124094089136902 -3.827899906638267 -0.1841843799076917
 -1.080952712963172 -2.673162134865334 -1.582411423567868
 2.539121517313595 -0.8695480954043491 -1.897651322124102
 1.724978701804058 3.083302771454716 -1.981280660350095
 -0.1785022916686198 -1.311975427259935 -1.052001046706112
 -1.383892041393535 0.4836257542532018 -3.177380525217841
 1.220922537574125 0.1208294566197258 -0.3526399788436948
 0.4068815183018971 1.715715926101315 -0.3425366297862388
 -3.399891469507206 -0.6333202590832882 1.69807249970584
 0.003034417361286762 1.267510913615105 0.286037755786996
 0.03413975097404937 0.9277938383603674 -0.3342624918685499
 0.5973225286064676 0.3713657160085057 -0.8742822788461295
 1.425923776282776 -0.2543106398425002 0.8665334500954411
 -1.000459861221092 5.061376576902814 -4.302551270365834
 0.4781795751382154 0.4315605760893727 -0.7112926750598071
 5.811439087165637 -3.328936572980931 -1.026070725140174
 -0.4067170074208592 0.45212176029734 -1.343801603036676
 2.52645823830315 -2.182193203613662 1.648304636447001
 1.168428606435014 0.6544447524355435 0.5274708298325771
 1.623193151155849 3.542857716602041 0.8696223115726918
 -1.559372442031216 -5.246751940971837 -3.906189984476189
 -1.025005275935782 -0.1693566727344168 1.196319968171522
 1.218185778728041 1.110332520864982 0.07052720848176261
 -5.627990091106819 2.244587431829762 -3.540055961370022
 -0.3203454657493412 -2.864816892292074 2.363753774702277
 0.48496854080836 0.6131907857078311 0.6710779683742907
 0.9102446505169673 -0.5875613554846306 -0.7069385373690749
 0.9709416798185005 -3.023015119987249 -5.772921231341489
 0.03259382052082713 1.187974586028173 -1.195214738989376
 7.34730633739918 0.8020744249562398 0.8505041199440846
 2.075237385583312 -0.3386627054630805 6.79986014116506
 -3.098080119694273 -0.1704523952431556 -2.040336378324779
 -1.529854469900852 -2.71704471014994 1.994117519368848
 -0.2628993102704681 -0.5550664918256938 -1.14770554065212
 -0.09253537562067159 0.006437643297343226 0.9676508019538891
 2.95760515199419 -0.3148769634478535 -2.650270773418015
 3.515618331679899 5.974925237067428 -0.9330269336609498
 1.070011009378705 -0.06340096746578183 0.5648538637514089
 -2.136320943606444 0.9399354123588818 -2.692709957189577
 0.4662337716500049 0.3352236634633541 1.348630556017535
 5.15936007270472 -1.759407316517478 -4.693234171173494
 0.4286855112366953 -0.8810749105901257 1.052132556587253
 -0.4804893172357687 -1.511980774832376 0.7942833016947122
 1.350668195308455 -3.313223929842204 1.806277247526337
 -2.278976378966821 0.311914627441029 -2.711718923468954
 0.1392942558348744 0.2944881282612177 0.5708953521655025
 5.557095949102145 0.7298435295970209 -4.442362873917367
 0.6354037867536081 1.573786053420547 0.4259711560220041
 0.3972102962524711 0.5541204184398094 0.4909867011281919
 0.4637085679504422 0.9391301407333922 -0.13174427613952
 -0.3941982487775541 0.1390634382362147 1.432070606135201
 0.7200086030375341 0.3856456451367141 -1.258756350464956
 -0.1144671543013963 -0.8334642929552215 0.6116015417688299
 4.086825821827755 3.221895404724071 -4.113897288670524
 4.08372589123034 4.662235236870609 3.475782038957028
 0.3929726106887488 -1.914829339501633 -3.576393278838081
 -1.048661308491563 0.1688097742681056 0.3944756808026678
 1.47911923930167 -0.2127073420163315 0.1418971266472606
 -1.022902638843764 -1.161530932405735 -0.6960607779416278
 -6.430855823275131 -1.35415875556144 -0.4511187607999622
 -3.11584935081046 0.8054041076669316 1.426904185462971
 -0.5035593435643584 -1.432577295656172 -0.121119191746147
 -1.423257075206499 1.016104901308627 -0.3630100028437509
 0.6641463405820762 -1.828792729516891 6.765281302687991
 0.5459230089757936 0.1881501379600511 0.5863690498332392
 5.792537609248831 4.121959623295838 -1.364638563188068
 3.048893769573366 0.2173952212044336 -1.858023633465645
 -0.4176377461511009 0.2518371181923996 4.15900051275188
 -4.112503802067291e-05 0.9059435291027219 -0.2384887266482563
 0.3963267157849618 1.908981846005322 6.574811674587203
 0.9285418215988529 0.7627747928739788 1.123009983793314
 2.48389877723996 -1.940326277597104 -1.531647169601917
 1.272333212585854 0.5526958424494415 -0.1996418653405211
 -0.2112746722499566 -0.5760568414836997 1.397506276828486
 -1.679241500116188 0.4369972811046239 -0.22492671808206
 -1.216860288991812 -1.008786565683918 0.7880053878380621
 1.524621423515072 -2.123706977396425 -2.740493101622512
 -1.261421421998852 -5.447218282347182 4.030432911821266
 0.4812643024000179 -3.701508552718496 0.3303136622491729
 -2.799956321118469 6.527857540036592 1.3835658037021
 0.4648365981234056 0.4220730309831799 -0.4191116787463624
 -0.9017926376471554 -1.212895633655691 0.7753622321198483
 -0.06713810187937364 -1.36328277879263 0.3485131662529845
 -0.5679044427918626 0.5651093195766332 -1.074018422091895
 -2.907676965967515 -4.898577757546018 5.127999534420892
 -1.275829130884627 0.9977432226924771 0.5822766534157026
 -0.7747072401543219 1.481743594507131 -3.097336741634902
 -6.50786386150891 2.37130207362231 -1.948480605388976
 0.6455784907137169 -1.352669666350937 0.1752371428942541
 -0.9055701369204991 -5.702405509259187 3.757080838818088
 0.1555741782139616 -0.9309903599813214 -0.7517314060288287
 1.082887056110153 0.981420099906133 -0.8204069781651556
 0.6850732343674988 -1.198229079430299 -0.5468289261155744
 0.4928644691227771 -2.156426716941672 -3.182317383631429
 1.017134674070747 -0.7594145639247629 0.7033532281445941
 -0.1073435871510745 -0.5817693983459626 1.231931969216901
 3.829680066526675 -1.153202710294315 -0.4721496852662511
 -1.146930040510737 1.768454826474551 -3.144681341040091
